0110010100110011110 0.7449 
0010010011101000101 0.6987 
1101000010110001000 0.6982 
1010111101100101001 0.6479 
1100011000011010100 0.681 
1011011011100011111 0.694 
0010000111110110101 0.6908 
1011111010100001101 0.7136 
1010011001001001111 0.7307 
1101010000111000111 0.7334 
1101011011100101000 0.6747 
0010111110100001110 0.7181 
0000100111001000100 0.6724 
0011011111011000100 0.6893 
1101001111100100110 0.698 
0001101010111000100 0.6741 
1010100001011111111 0.7124 
0110011010101111001 0.6766 
0111001001101111110 0.6541 
0000001110101100011 0.6977 
