0110010100110011110 0.7449 
0010010011101000101 0.6987 
1101000010110001000 0.6982 
1010111101100101001 0.6479 
1100011000011010100 0.681 
1011011011100011111 0.694 
0010000111110110101 0.6908 0.7371 
1011111010100001101 0.7136 0.7121 
1010011001001001111 0.7307 
1101010000111000111 0.7334 
1101011011100101000 0.6747 0.6905 
0010111110100001110 0.7181 0.6725 
0000100111001000100 0.6724 0.6809 
0011011111011000100 0.6893 0.7008 
1101001111100100110 0.698 
0001101010111000100 0.6741 0.6993 
1010100001011111111 0.7124 0.7091 
0110011010101111001 0.6766 0.7171 
0111001001101111110 0.6541 
0000001110101100011 0.6977 0.655 
0110010100110111110 0.7191 
0010010010001000101 0.7156 
1101000010100001000 0.675 
1110111101100101001 0.6968 
1100011010011010100 0.7242 
1111011011110011111 0.6919 
1010011001001001110 0.6788 
1111010000111000111 0.7151 
1101000111100100110 0.7009 
0111001001111111110 0.7205 
