0110010100110011110 0.7449 
0010010011101000101 0.6987 
1101000010110001000 0.6982 
1010111101100101001 0.6479 
1100011000011010100 0.681 
1011011011100011111 0.694 
0010000111110110101 0.6908 0.7371 
1011111010100001101 0.7136 0.7121 0.645 
1010011001001001111 0.7307 
1101010000111000111 0.7334 
1101011011100101000 0.6747 0.6905 0.7152 0.6872 0.7179 
0010111110100001110 0.7181 0.6725 
0000100111001000100 0.6724 0.6809 0.7146 
0011011111011000100 0.6893 0.7008 0.6609 
1101001111100100110 0.698 
0001101010111000100 0.6741 0.6993 0.6745 0.6911 
1010100001011111111 0.7124 0.7091 
0110011010101111001 0.6766 0.7171 0.7046 
0111001001101111110 0.6541 
0000001110101100011 0.6977 0.655 0.7 0.7104 
0110010100110111110 0.7191 0.7025 0.7188 
0010010010001000101 0.7156 0.7357 
1101000010100001000 0.675 
1110111101100101001 0.6968 
1100011010011010100 0.7242 
1111011011110011111 0.6919 
1010011001001001110 0.6788 
1111010000111000111 0.7151 0.7099 0.7285 0.7265 
1101000111100100110 0.7009 
0111001001111111110 0.7205 0.7175 
1100000010100011000 0.6848 
1010111101100001000 0.6807 0.6646 
0100011010011010100 0.6845 0.715 
1110011001110011111 0.7133 0.7149 
0010000101110110101 0.7036 
1010011011001001110 0.7189 
0010111100100001110 0.7036 
1101000111100110110 0.7228 
1010100001011110111 0.7109 0.7181 
0000010010001000101 0.6812 
1100000011100011000 0.7117 0.7081 0.6763 0.7034 0.7121 0.7066 
1010100101110110101 0.7128 0.7424 
1011111010100011101 0.715 
1010011011001011110 0.7184 0.7113 
0010110100100001110 0.7044 0.7349 0.7167 
0000000111011000100 0.7294 0.6807 
0011011111111000100 0.6308 0.6991 0.7031 0.7109 0.7015 0.681 0.6997 0.7073 
1101010111100110110 0.6942 
0110011110101111001 0.6653 
0111001001011011110 0.7123 
0110010110110111110 0.7099 0.7097 
0000010010101000101 0.6556 0.7035 0.614 0.7121 0.7084 
1010111101110101000 0.6903 
0100011110011010100 0.6797 0.7265 0.6868 
1100010001110011111 0.7093 0.7087 
0011111000100001101 0.7294 0.7193 
1111010111100110110 0.7261 
0001101110111100100 0.6701 
1010101001011110111 0.7214 
0010011110101111001 0.6708 
0110010001011111110 0.6752 
0110001110101100011 0.7112 
1010111101110001000 0.6895 0.712 
1011101101110010101 0.7066 
0010011011001011110 0.7283 0.7088 0.6939 0.7256 0.722 
1111110000111000111 0.7261 0.7185 0.7053 
1101011011100101001 0.7027 0.7244 0.7107 0.6469 0.6995 
0000000111111000100 0.6504 0.6894 0.7042 
1111010011100110110 0.676 0.7041 0.6765 0.6892 
0011001110111100100 0.7006 0.6907 0.6904 0.6881 0.7106 0.6759 
1010001101011100111 0.7397 
0010011110101101001 0.6931 0.7054 0.7016 
0110010000011111110 0.7259 
0100001110101100011 0.7219 0.7368 
0110010110110101110 0.7191 0.7096 0.7304 0.7039 0.7035 
1100011001110011111 0.7289 
1010101101110010111 0.7189 
0001110000100001101 0.7025 0.697 
0010110100100001111 0.7173 
1110001101011100111 0.7276 0.7044 
0110010000011010110 0.7151 
0010010010101000101 0.7407 
1010111111111001000 0.725 0.6881 
0100011110011010000 0.7369 
1101011001110011111 0.7247 
1011001111110010111 0.7155 0.6841 
0000110100100001111 0.7155 
1110010000011010110 0.7192 
0100001110101111001 0.7241 
0100011110010010000 0.721 
1111011001110011111 0.702 
0011110000100001001 0.687 
1111100000111000111 0.7126 0.7058 
0000110100100001110 0.6981 0.6942 
0000000111111010100 0.7107 0.7249 0.7037 0.6738 
1110000101011100111 0.7401 0.7034 
0000011110101111001 0.7206 
1110010000011000110 0.7308 0.6994 0.692 0.6929 0.7113 0.7196 0.6811 0.6996 
0100001110001111001 0.7213 0.7293 0.7084 
0100000011110011010 0.7135 
1010111111111000000 0.6423 0.7175 
0110011110010110000 0.7099 
1111111001110011110 0.7236 
1011001011110010111 0.6881 0.7105 0.6887 0.713 0.7394 
1011110000100001001 0.7023 0.6604 0.7332 
0011010011000110110 0.6854 0.6896 
0100011110101101001 0.7259 0.7077 0.697 
0000010000101000101 0.7131 
0100000011110000010 0.6933 
0111011110010110000 0.6699 0.7212 
1110101001110011110 0.7315 
0110011001001011110 0.7059 
1111100000111000101 0.7186 
1101011001100111101 0.6778 
0000110100110001110 0.674 0.7277 0.7078 
1110000101111100111 0.7085 0.7196 0.7107 
0110010111110111010 0.7368 0.7259 0.6922 0.6901 0.6652 
0000010100101001100 0.6889 0.7009 
0100100011110000010 0.7043 
1010110111111000000 0.6177 
1110101101110011110 0.6876 0.7178 
0010011001101011110 0.7103 
1101100000111000101 0.6688 0.7116 0.7046 
1101011001000111101 0.685 
0011011111111010100 0.6855 0.6835 
0011110011000110110 0.7316 0.6555 
0011000110111100100 0.7074 
1100001110001111001 0.6759 0.7232 0.677 0.7329 0.6892 
0100101011110000110 0.7025 0.7301 0.6884 0.725 
1010110101111001000 0.724 
0111001110010110010 0.6947 0.6792 0.7019 0.7043 0.7011 0.7053 
1011110010100001000 0.7059 
0000011001111011000 0.6625 
1101011101000111101 0.7155 0.7242 0.7074 
0000000101111010100 0.7063 
1011000110111100100 0.6419 
0100011110111101001 0.6622 
0000010100101001000 0.5969 
1110010101111001000 0.6973 0.7249 0.7053 0.7013 
1111101101110011110 0.7105 0.7151 0.7114 0.7193 
1011110000100001101 0.7247 
0010011001111011000 0.7281 
0000111100110001110 0.6813 0.6828 
0000000101111010101 0.7125 
0011011111111000000 0.6915 
0011110011000100110 0.7058 
1111000110111100100 0.701 0.7255 
1110010101111100111 0.7052 0.6668 
0110011110111101001 0.6545 0.7338 0.7459 
0000010100100000100 0.6738 
1011101011110010011 0.6918 0.724 0.7323 0.7099 
1011110000000001101 0.6941 
0011011001101011000 0.7179 
1101000010111010101 0.7132 0.7302 0.7167 
0000000101111010111 0.7141 
0011111111011100000 0.6944 
0110110011000100110 0.6824 
0100010100000000100 0.6414 0.6671 0.6577 
0011110000000011101 0.6599 
0010011001101011000 0.6606 
1101011101000100101 0.7219 0.7148 0.7246 
0000111100100101110 0.6814 
0000001101111010111 0.7163 
0001111111011100000 0.6633 0.662 
0000111011000100110 0.6728 0.6646 
0111000110111101101 0.7179 
1110011100111100111 0.7027 
0110010011010111010 0.7356 0.7199 
0100101001110000110 0.7107 0.7147 
0011100000001011101 0.739 0.7311 
0010111001101011000 0.6589 0.6989 
0001110100100101110 0.6381 0.7078 
0000001101011010111 0.6852 
0111010110110101101 0.6439 0.7099 
1110111000111110111 0.734 
0110011110111101101 0.7025 0.7092 
1111010000011000110 0.6357 
1100001110000111001 0.7315 0.7339 
1110010101111001110 0.7402 
1111101101010011110 0.7274 
1101000010101010101 0.6956 
0001001101011010111 0.7303 
0001111111011101010 0.6499 
0000111011000000110 0.7031 
1110111000011110111 0.7237 
0111010000011000110 0.7214 
