0110010100110011110 0.7449 
0010010011101000101 0.6987 
1101000010110001000 0.6982 
1010111101100101001 0.6479 
1100011000011010100 0.681 
1011011011100011111 0.694 
0010000111110110101 0.6908 0.7371 
1011111010100001101 0.7136 0.7121 0.645 
1010011001001001111 0.7307 
1101010000111000111 0.7334 
1101011011100101000 0.6747 0.6905 0.7152 0.6872 0.7179 
0010111110100001110 0.7181 0.6725 
0000100111001000100 0.6724 0.6809 0.7146 
0011011111011000100 0.6893 0.7008 0.6609 
1101001111100100110 0.698 
0001101010111000100 0.6741 0.6993 0.6745 0.6911 
1010100001011111111 0.7124 0.7091 
0110011010101111001 0.6766 0.7171 0.7046 
0111001001101111110 0.6541 
0000001110101100011 0.6977 0.655 0.7 0.7104 
0110010100110111110 0.7191 0.7025 0.7188 
0010010010001000101 0.7156 0.7357 
1101000010100001000 0.675 
1110111101100101001 0.6968 
1100011010011010100 0.7242 
1111011011110011111 0.6919 
1010011001001001110 0.6788 
1111010000111000111 0.7151 0.7099 0.7285 0.7265 
1101000111100100110 0.7009 
0111001001111111110 0.7205 0.7175 
1100000010100011000 0.6848 
1010111101100001000 0.6807 0.6646 
0100011010011010100 0.6845 0.715 
1110011001110011111 0.7133 0.7149 
0010000101110110101 0.7036 
1010011011001001110 0.7189 
0010111100100001110 0.7036 
1101000111100110110 0.7228 
1010100001011110111 0.7109 0.7181 
0000010010001000101 0.6812 
1100000011100011000 0.7117 0.7081 0.6763 0.7034 0.7121 0.7066 
1010100101110110101 0.7128 0.7424 
1011111010100011101 0.715 
1010011011001011110 0.7184 0.7113 
0010110100100001110 0.7044 0.7349 0.7167 
0000000111011000100 0.7294 0.6807 
0011011111111000100 0.6308 0.6991 0.7031 0.7109 0.7015 0.681 0.6997 0.7073 
1101010111100110110 0.6942 
0110011110101111001 0.6653 
0111001001011011110 0.7123 
0110010110110111110 0.7099 0.7097 
0000010010101000101 0.6556 0.7035 0.614 0.7121 0.7084 
1010111101110101000 0.6903 
0100011110011010100 0.6797 0.7265 0.6868 
1100010001110011111 0.7093 0.7087 
0011111000100001101 0.7294 0.7193 
1111010111100110110 0.7261 
0001101110111100100 0.6701 
1010101001011110111 0.7214 
0010011110101111001 0.6708 
0110010001011111110 0.6752 
0110001110101100011 0.7112 
1010111101110001000 0.6895 0.712 
1011101101110010101 0.7066 
0010011011001011110 0.7283 0.7088 0.6939 0.7256 0.722 
1111110000111000111 0.7261 0.7185 0.7053 
1101011011100101001 0.7027 0.7244 0.7107 0.6469 0.6995 
0000000111111000100 0.6504 0.6894 0.7042 
1111010011100110110 0.676 0.7041 0.6765 0.6892 
0011001110111100100 0.7006 0.6907 0.6904 0.6881 0.7106 0.6759 
1010001101011100111 0.7397 
0010011110101101001 0.6931 0.7054 0.7016 
0110010000011111110 0.7259 
0100001110101100011 0.7219 0.7368 
0110010110110101110 0.7191 0.7096 0.7304 0.7039 0.7035 
1100011001110011111 0.7289 
1010101101110010111 0.7189 
0001110000100001101 0.7025 0.697 
0010110100100001111 0.7173 
1110001101011100111 0.7276 0.7044 
0110010000011010110 0.7151 
0010010010101000101 0.7407 
1010111111111001000 0.725 0.6881 
0100011110011010000 0.7369 
1101011001110011111 0.7247 
1011001111110010111 0.7155 0.6841 
0000110100100001111 0.7155 
1110010000011010110 0.7192 
0100001110101111001 0.7241 
0100011110010010000 0.721 
1111011001110011111 0.702 
0011110000100001001 0.687 
1111100000111000111 0.7126 0.7058 
0000110100100001110 0.6981 0.6942 
0000000111111010100 0.7107 0.7249 0.7037 0.6738 
1110000101011100111 0.7401 0.7034 
0000011110101111001 0.7206 
1110010000011000110 0.7308 0.6994 0.692 0.6929 0.7113 0.7196 0.6811 0.6996 
0100001110001111001 0.7213 0.7293 0.7084 
0100000011110011010 0.7135 
1010111111111000000 0.6423 0.7175 
0110011110010110000 0.7099 
1111111001110011110 0.7236 
1011001011110010111 0.6881 0.7105 0.6887 0.713 0.7394 
1011110000100001001 0.7023 0.6604 0.7332 
0011010011000110110 0.6854 0.6896 
0100011110101101001 0.7259 0.7077 0.697 
0000010000101000101 0.7131 
0100000011110000010 0.6933 
0111011110010110000 0.6699 0.7212 
1110101001110011110 0.7315 
0110011001001011110 0.7059 
1111100000111000101 0.7186 
1101011001100111101 0.6778 
0000110100110001110 0.674 0.7277 0.7078 
1110000101111100111 0.7085 0.7196 0.7107 
0110010111110111010 0.7368 0.7259 0.6922 0.6901 0.6652 
0000010100101001100 0.6889 0.7009 
0100100011110000010 0.7043 
1010110111111000000 0.6177 
1110101101110011110 0.6876 0.7178 
0010011001101011110 0.7103 
1101100000111000101 0.6688 0.7116 0.7046 
1101011001000111101 0.685 
0011011111111010100 0.6855 0.6835 
0011110011000110110 0.7316 0.6555 
0011000110111100100 0.7074 
1100001110001111001 0.6759 0.7232 0.677 0.7329 0.6892 
0100101011110000110 0.7025 0.7301 0.6884 0.725 
1010110101111001000 0.724 
0111001110010110010 0.6947 0.6792 0.7019 0.7043 0.7011 0.7053 
1011110010100001000 0.7059 
0000011001111011000 0.6625 
1101011101000111101 0.7155 0.7242 0.7074 
0000000101111010100 0.7063 
1011000110111100100 0.6419 
0100011110111101001 0.6622 
0000010100101001000 0.5969 
1110010101111001000 0.6973 0.7249 0.7053 0.7013 
1111101101110011110 0.7105 0.7151 0.7114 0.7193 
1011110000100001101 0.7247 
0010011001111011000 0.7281 
0000111100110001110 0.6813 0.6828 
0000000101111010101 0.7125 
0011011111111000000 0.6915 
0011110011000100110 0.7058 
1111000110111100100 0.701 0.7255 
1110010101111100111 0.7052 0.6668 
0110011110111101001 0.6545 0.7338 0.7459 
0000010100100000100 0.6738 
1011101011110010011 0.6918 0.724 0.7323 0.7099 0.713 0.704 0.7197 0.7192 0.7265 
1011110000000001101 0.6941 
0011011001101011000 0.7179 
1101000010111010101 0.7132 0.7302 0.7167 
0000000101111010111 0.7141 
0011111111011100000 0.6944 
0110110011000100110 0.6824 
0100010100000000100 0.6414 0.6671 0.6577 
0011110000000011101 0.6599 
0010011001101011000 0.6606 
1101011101000100101 0.7219 0.7148 0.7246 0.7122 0.7068 0.7174 0.7112 0.7155 0.7057 0.697 
0000111100100101110 0.6814 
0000001101111010111 0.7163 
0001111111011100000 0.6633 0.662 
0000111011000100110 0.6728 0.6646 
0111000110111101101 0.7179 
1110011100111100111 0.7027 
0110010011010111010 0.7356 0.7199 0.7161 
0100101001110000110 0.7107 0.7147 0.7167 
0011100000001011101 0.739 0.7311 
0010111001101011000 0.6589 0.6989 0.7068 
0001110100100101110 0.6381 0.7078 0.6856 
0000001101011010111 0.6852 
0111010110110101101 0.6439 0.7099 0.7243 0.6803 0.7104 
1110111000111110111 0.734 
0110011110111101101 0.7025 0.7092 0.7165 0.7192 0.6899 
1111010000011000110 0.6357 
1100001110000111001 0.7315 0.7339 0.6847 
1110010101111001110 0.7402 0.7277 
1111101101010011110 0.7274 
1101000010101010101 0.6956 
0001001101011010111 0.7303 
0001111111011101010 0.6499 0.721 0.6886 0.7339 0.6815 0.6826 
0000111011000000110 0.7031 
1110111000011110111 0.7237 
0111010000011000110 0.7214 
0110010000010111010 0.698 0.6936 0.7269 
0100010101000010100 0.7209 0.6741 
0111001100010110010 0.71 0.6524 0.7068 
1111101101010011100 0.7185 
0010100000101011101 0.7027 
1101000010101110100 0.7104 0.703 0.7313 
0001001100011010111 0.6965 
0010111011001000110 0.7059 
1110111000011110101 0.7284 0.7293 0.7077 
0111010000011010110 0.7146 0.7147 0.7119 0.7091 
0100101001110010110 0.7078 
1110110101111001110 0.6555 
1111101100010011000 0.7179 0.7227 0.6983 0.6806 
0010100001101011101 0.7087 
0010111001001011000 0.7014 0.6901 0.707 0.7333 0.6301 
0000110100100101111 0.7106 0.7339 
0000001100011010111 0.6865 
0010111011001000010 0.7 0.6919 0.603 0.7258 
1100101110000111001 0.7226 0.7232 0.6989 
0100010111000010100 0.713 
0100100001111010110 0.7292 0.7132 0.7232 0.6876 0.7148 
1110000101111001110 0.7125 
1010101101101010101 0.7288 
0000001100011000111 0.7213 0.7295 0.7023 0.7197 0.7373 0.7017 0.6818 0.6958 0.7168 0.7201 
0010000000010111010 0.7112 0.7227 0.7245 
0000010111000010100 0.7138 0.7291 
1100000101111001110 0.7092 0.7282 
0111001101010110010 0.716 0.7092 
1010101101111010101 0.7149 0.7258 
1001000010101100100 0.6847 
1000110100100101111 0.7421 0.7311 0.7116 
0011010110110001101 0.6919 0.7053 
1110110000010110101 0.687 0.6997 
0100001110111101101 0.7017 
1001001110101100101 0.6948 
0100001100111001101 0.6954 
0101010001011010110 0.7015 
1100101010000111001 0.706 0.7111 0.7182 0.7173 
0000000110100010100 0.7112 
1100001101111001111 0.7011 
0111001101000110010 0.7183 
1111101000010011000 0.6895 
1010101011110010011 0.718 
1010101101111110101 0.7026 0.7271 0.6919 0.7065 
1001011110101100001 0.7015 0.6973 0.7286 0.7214 
0101111111011101010 0.6765 0.7008 
1010011011001000010 0.702 0.7076 0.7138 
0111010110110000101 0.6946 0.7206 0.6914 0.7225 
1110111000010101101 0.7263 0.6837 0.6944 0.6758 0.7128 
0101001100011000101 0.7305 
0101010001011010010 0.7131 
0010000001010111010 0.7218 
0100000110101010101 0.693 0.7113 
1100000101111001111 0.7256 0.6992 0.7192 
0111001100000110010 0.7024 
1111101000010011001 0.7241 
1010101011010010011 0.7121 
0010110001001111000 0.7268 
1000010100100101111 0.7062 
0101001101011000101 0.7085 
0111010001011010010 0.6919 
0110000001010111010 0.7052 0.6966 
0100101001111010110 0.6997 
0011001100000110010 0.7052 
1111101000010011011 0.7226 
1000101001010110011 0.6978 0.7102 
0010110001001011000 0.72 0.701 
1101011101000100100 0.7111 
0000010000100101111 0.7288 
0101111111011101110 0.7004 
0101001101111000101 0.7188 0.7048 0.7207 
0111010011011010010 0.6522 0.6906 
0100000111101010101 0.6986 0.7403 0.7037 
0101101001111010110 0.6943 0.7045 0.7268 
0011101100000100011 0.6974 
1111101001010011011 0.703 
1101010101000100100 0.7059 
0010000000100101111 0.6935 0.7212 0.7064 
0101111110011101110 0.7072 
1010011001001000010 0.7265 0.7181 0.7152 0.6963 
1100101010100111001 0.72 
0110000101111001111 0.5683 
0011101100000110011 0.713 0.7173 
1111101101010011011 0.7216 0.7292 0.7039 
1000101001000110010 0.6268 0.693 
1010101101101110101 0.7497 0.7133 0.7207 
0010110001000011000 0.6957 
1001010110101000001 0.6918 0.7156 
1101010101001100100 0.6971 
0101111111011001110 0.6989 0.7095 
0111010110100000101 0.6867 0.7094 0.7234 
0011010011011010010 0.6863 0.694 0.7116 
1101101010100111000 0.703 0.7337 
0110011011011111010 0.7382 0.7232 
0110000111111001100 0.7103 
1010100001010011000 0.7321 
1101011100001100100 0.6897 0.7223 
1110110000010101101 0.7269 
0101001101101000101 0.7241 
0100000111101010011 0.6948 
0101101101111010111 0.7337 
0110000101111000101 0.6916 
1011101100000110011 0.7101 
1000101011000110010 0.7142 
1010100001011011000 0.7176 
1001010110111000001 0.6967 
0010000000100101011 0.725 
0101101111011001110 0.7006 
1110110000010000111 0.6845 
0101011110001000101 0.6842 
1001101010100111000 0.7141 
