0110010100110011110 0.7449 
0010010011101000101 0.6987 
1101000010110001000 0.6982 
1010111101100101001 0.6479 
1100011000011010100 0.681 
1011011011100011111 0.694 
0010000111110110101 0.6908 0.7371 
1011111010100001101 0.7136 0.7121 0.645 
1010011001001001111 0.7307 
1101010000111000111 0.7334 
1101011011100101000 0.6747 0.6905 0.7152 0.6872 
0010111110100001110 0.7181 0.6725 
0000100111001000100 0.6724 0.6809 0.7146 
0011011111011000100 0.6893 0.7008 0.6609 
1101001111100100110 0.698 
0001101010111000100 0.6741 0.6993 0.6745 0.6911 
1010100001011111111 0.7124 0.7091 
0110011010101111001 0.6766 0.7171 0.7046 
0111001001101111110 0.6541 
0000001110101100011 0.6977 0.655 0.7 0.7104 
0110010100110111110 0.7191 0.7025 0.7188 
0010010010001000101 0.7156 0.7357 
1101000010100001000 0.675 
1110111101100101001 0.6968 
1100011010011010100 0.7242 
1111011011110011111 0.6919 
1010011001001001110 0.6788 
1111010000111000111 0.7151 0.7099 0.7285 
1101000111100100110 0.7009 
0111001001111111110 0.7205 0.7175 
1100000010100011000 0.6848 
1010111101100001000 0.6807 0.6646 
0100011010011010100 0.6845 0.715 
1110011001110011111 0.7133 0.7149 
0010000101110110101 0.7036 
1010011011001001110 0.7189 
0010111100100001110 0.7036 
1101000111100110110 0.7228 
1010100001011110111 0.7109 0.7181 
0000010010001000101 0.6812 
1100000011100011000 0.7117 
1010100101110110101 0.7128 
1011111010100011101 0.715 
1010011011001011110 0.7184 
0010110100100001110 0.7044 
0000000111011000100 0.7294 
0011011111111000100 0.6308 
1101010111100110110 0.6942 
0110011110101111001 0.6653 
0111001001011011110 0.7123 
