1011101010101011111 0.6694999933242798 
0011001101000100111 0.6625999808311462 
0110011000001100111 0.7157999873161316 
0001011111111000110 0.7135000228881836 
0100010011100111111 0.6931999921798706 
1010000001100110011 0.7178000211715698 
1010011010010011110 0.6991000175476074 
0011000111101010100 0.6527000069618225 
1100111100111000000 0.6898000240325928 
0000110110100001010 0.6953999996185303 
1101000001011010111 0.7239000201225281 
0111111001111111111 0.7116000056266785 
1010010110100111110 0.7300000190734863 
1101101100111011100 0.7174999713897705 
1111010001001001000 0.6297000050544739 
0010110000010101110 0.6883000135421753 
1011011101011100001 0.7038000226020813 
1111000110101101010 0.6863999962806702 
0000110100001100101 0.7134000062942505 
1110111100000001100 0.7053999900817871 
