1011101010101011111 0.6694999933242798 0.7117000222206116 
0011001101000100111 0.6625999808311462 
0110011000001100111 0.7157999873161316 
0001011111111000110 0.7135000228881836 0.694599986076355 
0100010011100111111 0.6931999921798706 0.7182999849319458 
1010000001100110011 0.7178000211715698 0.6744999885559082 
1010011010010011110 0.6991000175476074 
0011000111101010100 0.6527000069618225 
1100111100111000000 0.6898000240325928 
0000110110100001010 0.6953999996185303 0.6891000270843506 
1101000001011010111 0.7239000201225281 0.7369999885559082 
0111111001111111111 0.7116000056266785 
1010010110100111110 0.7300000190734863 
1101101100111011100 0.7174999713897705 
1111010001001001000 0.6297000050544739 
0010110000010101110 0.6883000135421753 0.7116000056266785 
1011011101011100001 0.7038000226020813 
1111000110101101010 0.6863999962806702 
0000110100001100101 0.7134000062942505 0.6735000014305115 
1110111100000001100 0.7053999900817871 
1111000111101111010 0.6933000087738037 
1110111100000001101 0.7258999943733215 
1101101110001011100 0.6826000213623047 
0111111001110111111 0.7199000120162964 
1111010001000001000 0.678600013256073 
1100111100111000001 0.6977999806404114 
0011011101011100001 0.7096999883651733 
0111011000001100111 0.7303000092506409 
1011011010010011110 0.7307999730110168 
0111000111101011100 0.6963000297546387 
1010010110110111110 0.7311999797821045 
0010101101000100101 0.697700023651123 
