1011101010101011111 0.6694999933242798 0.7117000222206116 
0011001101000100111 0.6625999808311462 
0110011000001100111 0.7157999873161316 
0001011111111000110 0.7135000228881836 0.694599986076355 0.6682000160217285 0.6949999928474426 0.6798999905586243 0.6780999898910522 
0100010011100111111 0.6931999921798706 0.7182999849319458 0.7228999733924866 0.7077999711036682 0.7347999811172485 0.7156999707221985 0.7190999984741211 0.7402999997138977 0.6399000287055969 0.7088000178337097 
1010000001100110011 0.7178000211715698 0.6744999885559082 
1010011010010011110 0.6991000175476074 0.6960999965667725 
0011000111101010100 0.6527000069618225 
1100111100111000000 0.6898000240325928 0.7293999791145325 
0000110110100001010 0.6953999996185303 0.6891000270843506 
1101000001011010111 0.7239000201225281 0.7369999885559082 0.6947000026702881 0.7037000060081482 0.6699000000953674 0.708899974822998 0.7091000080108643 0.7073000073432922 0.7192000150680542 0.7271999716758728 0.7430999875068665 
0111111001111111111 0.7116000056266785 
1010010110100111110 0.7300000190734863 
1101101100111011100 0.7174999713897705 0.7073000073432922 0.7081000208854675 0.7164999842643738 
1111010001001001000 0.6297000050544739 
0010110000010101110 0.6883000135421753 0.7116000056266785 0.7019000053405762 0.725600004196167 
1011011101011100001 0.7038000226020813 
1111000110101101010 0.6863999962806702 
0000110100001100101 0.7134000062942505 0.6735000014305115 
1110111100000001100 0.7053999900817871 
1111000111101111010 0.6933000087738037 
1110111100000001101 0.7258999943733215 0.6851999759674072 
1101101110001011100 0.6826000213623047 
0111111001110111111 0.7199000120162964 
1111010001000001000 0.678600013256073 0.6895999908447266 
1100111100111000001 0.6977999806404114 0.7005000114440918 0.7077999711036682 0.7156000137329102 0.7319999933242798 0.7235000133514404 0.704800009727478 
0011011101011100001 0.7096999883651733 0.7128000259399414 0.7105000019073486 
0111011000001100111 0.7303000092506409 
1011011010010011110 0.7307999730110168 
0111000111101011100 0.6963000297546387 
1010010110110111110 0.7311999797821045 0.6549999713897705 0.6643000245094299 
0010101101000100101 0.697700023651123 0.7103000283241272 
1100110100111000001 0.7006999850273132 0.6862000226974487 
1010001001100110011 0.680400013923645 
0100111100111000000 0.680899977684021 
1111010001000001001 0.7135000228881836 
0011011011111000110 0.7085000276565552 0.7143999934196472 0.7172999978065491 0.6881999969482422 0.6988000273704529 0.680400013923645 
0011010000001100111 0.6985999941825867 
1011011010010001110 0.7095999717712402 
1011101010101111111 0.6604999899864197 
0111111010110111111 0.682200014591217 
0010101100000100101 0.6804999709129333 
1110111100111000000 0.6787999868392944 
0010101101010000101 0.6747000217437744 
1011000001100110011 0.7193999886512756 0.7239000201225281 0.727400004863739 0.7107999920845032 0.714900016784668 0.7027000188827515 0.699400007724762 0.7013000249862671 0.7110000252723694 0.7330999970436096 
0110010011001111111 0.6274999976158142 
0011011001011000001 0.7214000225067139 0.7134000062942505 0.7020000219345093 0.6248000264167786 0.7023000121116638 
1010010110110110110 0.720300018787384 0.722599983215332 0.7226999998092651 0.6886000037193298 0.703000009059906 0.7245000004768372 0.7139999866485596 0.7264000177383423 0.7422999739646912 0.6593999862670898 
1111010001000001010 0.7074000239372253 
1001000001011010110 0.6905999779701233 
0100010011100111110 0.6895999908447266 
0011010101011101001 0.6858000159263611 
1010011001011000001 0.7235000133514404 
0011011101011000001 0.6851000189781189 
1100110000111001001 0.6865000128746033 
0011101100000100101 0.6886000037193298 
0110010011100111111 0.7059999704360962 
0011110000011101110 0.7121999859809875 0.6653000116348267 
1101101100111001100 0.7114999890327454 
0100000011100111111 0.6837999820709229 
0100010011110111111 0.694599986076355 0.7218000292778015 
0100011011100110111 0.7135000228881836 
1010011101011000001 0.7002000212669373 
1111011011111000110 0.6940000057220459 
1010010001000001000 0.6492999792098999 
1010010110110111010 0.6912000179290771 
1100111111001000001 0.7181000113487244 0.7121999859809875 0.7149999737739563 0.7132999897003174 0.6363999843597412 0.730400025844574 0.6958000063896179 0.6930999755859375 
1101000101111010111 0.7360000014305115 0.7021999955177307 0.6812000274658203 0.7095000147819519 0.7038999795913696 
0100001011100110111 0.7188000082969666 0.7178000211715698 0.7111999988555908 0.6809999942779541 0.6764000058174133 0.6938999891281128 0.717199981212616 
0100111111101000001 0.6848999857902527 
1011001001100110011 0.6998999714851379 
0100010011100011111 0.7181000113487244 0.677299976348877 
0100010110100111111 0.7055000066757202 
0011010001011100001 0.7236999869346619 0.6922000050544739 
1100101100111000001 0.6916999816894531 
1011011001011001001 0.6736000180244446 
1011000001100110001 0.7189000248908997 0.7157999873161316 0.7182999849319458 0.7235999703407288 0.7006000280380249 
1011010110110011110 0.705299973487854 
1001100001011010111 0.7378000020980835 0.7368000149726868 0.6775000095367432 0.7160000205039978 
0110010011101111111 0.6793000102043152 
0111011011111000110 0.7253999710083008 0.7261999845504761 0.6773999929428101 0.7008000016212463 
1110011110110110110 0.7195000052452087 
1011000001100110000 0.6880000233650208 
0111011111011000110 0.6996999979019165 
0010111101011101101 0.6586999893188477 
1010110110110010010 0.6991000175476074 
0011011000011000001 0.6940000057220459 0.7296000123023987 
0011111011111000110 0.7153000235557556 
0100000011100110111 0.6998999714851379 
1101111100111000001 0.7089999914169312 
1001000101111010111 0.6942999958992004 
0111011001111000111 0.6660000085830688 
1110011110110110100 0.6825000047683716 
1100111111001100001 0.6983000040054321 
1011100001010010111 0.7110000252723694 
0011000101100110011 0.6970000267028809 
0100011011100111111 0.7121999859809875 0.7164000272750854 0.699400007724762 0.7089999914169312 0.7203999757766724 0.7069000005722046 0.7207000255584717 0.7041000127792358 0.7034000158309937 0.675599992275238 0.7250000238418579 
1101010101111010111 0.6611999869346619 
0110010011110111111 0.7084000110626221 0.7318999767303467 0.6972000002861023 0.7239000201225281 0.715499997138977 
0110001111100100011 0.7204999923706055 
1100111111101000001 0.6822999715805054 
1011010001100110011 0.6815999746322632 
0111001001011000001 0.691100001335144 
0100001011110110111 0.713699996471405 
0010010110110110110 0.6427000164985657 
1010010110110110010 0.7027000188827515 
0100001011100110101 0.7225000262260437 0.6725000143051147 
0010001001100110001 0.7317000031471252 0.7142999768257141 0.682699978351593 0.6988999843597412 
1011100001100110001 0.7245000004768372 0.7190999984741211 
0111111010111000110 0.6772000193595886 
1011000001110110000 0.7135000228881836 
0110001111101100011 0.6992999911308289 
1010000001100110000 0.6969000101089478 
0101011011111000110 0.6604999899864197 
1001100001010010111 0.7032999992370605 
1001101001011010111 0.7125999927520752 
0110110011110011111 0.7093999981880188 
0100011011000111110 0.6312000155448914 
1011000000100111001 0.7202000021934509 0.7329000234603882 0.7433000206947327 
1100011111000000001 0.7103000283241272 
0100001001100110101 0.7347999811172485 0.710099995136261 0.729200005531311 0.7132999897003174 
0110011011100111111 0.7123000025749207 
0100001011100110110 0.7146000266075134 0.6692000031471252 
0000011011000111111 0.7215999960899353 0.732699990272522 0.6887999773025513 
1110111111001000001 0.70660001039505 
1011100001000110001 0.7347000241279602 
0110010011110101111 0.6502000093460083 
0010001001100110101 0.6758999824523926 
0100111011100111111 0.6901000142097473 
1001100011011010111 0.6863999962806702 
0100001001101110111 0.7415000200271606 
0110001011110011111 0.6722000241279602 
0001011011000111111 0.6844000220298767 
0010001001101110001 0.7095999717712402 
0011000001000110001 0.7287999987602234 
0100001010100110111 0.7347000241279602 
1100001001101110111 0.737500011920929 
0110110011110111111 0.6722999811172485 
0110100011110111111 0.7402999997138977 
0011000001100110101 0.6852999925613403 
1100111111000000101 0.7161999940872192 
0100011011100111110 0.7087000012397766 
0011000000100111001 0.7070000171661377 
0110110111110111111 0.685699999332428 
