1011101010101011111 0.6694999933242798 0.7117000222206116 
0011001101000100111 0.6625999808311462 
0110011000001100111 0.7157999873161316 
0001011111111000110 0.7135000228881836 0.694599986076355 0.6682000160217285 0.6949999928474426 0.6798999905586243 0.6780999898910522 
0100010011100111111 0.6931999921798706 0.7182999849319458 0.7228999733924866 0.7077999711036682 0.7347999811172485 0.7156999707221985 0.7190999984741211 0.7402999997138977 0.6399000287055969 0.7088000178337097 
1010000001100110011 0.7178000211715698 0.6744999885559082 
1010011010010011110 0.6991000175476074 0.6960999965667725 
0011000111101010100 0.6527000069618225 
1100111100111000000 0.6898000240325928 0.7293999791145325 
0000110110100001010 0.6953999996185303 0.6891000270843506 
1101000001011010111 0.7239000201225281 0.7369999885559082 0.6947000026702881 0.7037000060081482 0.6699000000953674 0.708899974822998 0.7091000080108643 0.7073000073432922 0.7192000150680542 0.7271999716758728 0.7430999875068665 
0111111001111111111 0.7116000056266785 
1010010110100111110 0.7300000190734863 
1101101100111011100 0.7174999713897705 0.7073000073432922 0.7081000208854675 0.7164999842643738 
1111010001001001000 0.6297000050544739 
0010110000010101110 0.6883000135421753 0.7116000056266785 0.7019000053405762 0.725600004196167 
1011011101011100001 0.7038000226020813 
1111000110101101010 0.6863999962806702 
0000110100001100101 0.7134000062942505 0.6735000014305115 
1110111100000001100 0.7053999900817871 
1111000111101111010 0.6933000087738037 
1110111100000001101 0.7258999943733215 0.6851999759674072 
1101101110001011100 0.6826000213623047 
0111111001110111111 0.7199000120162964 
1111010001000001000 0.678600013256073 0.6895999908447266 
1100111100111000001 0.6977999806404114 0.7005000114440918 0.7077999711036682 0.7156000137329102 0.7319999933242798 0.7235000133514404 0.704800009727478 
0011011101011100001 0.7096999883651733 0.7128000259399414 0.7105000019073486 
0111011000001100111 0.7303000092506409 
1011011010010011110 0.7307999730110168 
0111000111101011100 0.6963000297546387 
1010010110110111110 0.7311999797821045 0.6549999713897705 0.6643000245094299 
0010101101000100101 0.697700023651123 0.7103000283241272 
1100110100111000001 0.7006999850273132 0.6862000226974487 
1010001001100110011 0.680400013923645 
0100111100111000000 0.680899977684021 
1111010001000001001 0.7135000228881836 
0011011011111000110 0.7085000276565552 0.7143999934196472 0.7172999978065491 0.6881999969482422 0.6988000273704529 0.680400013923645 
0011010000001100111 0.6985999941825867 
1011011010010001110 0.7095999717712402 
1011101010101111111 0.6604999899864197 
0111111010110111111 0.682200014591217 
0010101100000100101 0.6804999709129333 
1110111100111000000 0.6787999868392944 
0010101101010000101 0.6747000217437744 
1011000001100110011 0.7193999886512756 0.7239000201225281 0.727400004863739 0.7107999920845032 0.714900016784668 0.7027000188827515 0.699400007724762 0.7013000249862671 0.7110000252723694 0.7330999970436096 
0110010011001111111 0.6274999976158142 
0011011001011000001 0.7214000225067139 0.7134000062942505 0.7020000219345093 0.6248000264167786 0.7023000121116638 
1010010110110110110 0.720300018787384 0.722599983215332 0.7226999998092651 0.6886000037193298 0.703000009059906 0.7245000004768372 0.7139999866485596 0.7264000177383423 0.7422999739646912 0.6593999862670898 
1111010001000001010 0.7074000239372253 
1001000001011010110 0.6905999779701233 
0100010011100111110 0.6895999908447266 
0011010101011101001 0.6858000159263611 
1010011001011000001 0.7235000133514404 
0011011101011000001 0.6851000189781189 
1100110000111001001 0.6865000128746033 
0011101100000100101 0.6886000037193298 
0110010011100111111 0.7059999704360962 
0011110000011101110 0.7121999859809875 0.6653000116348267 
1101101100111001100 0.7114999890327454 
0100000011100111111 0.6837999820709229 
0100010011110111111 0.694599986076355 0.7218000292778015 
0100011011100110111 0.7135000228881836 
1010011101011000001 0.7002000212669373 
1111011011111000110 0.6940000057220459 
1010010001000001000 0.6492999792098999 
1010010110110111010 0.6912000179290771 
1100111111001000001 0.7181000113487244 0.7121999859809875 0.7149999737739563 0.7132999897003174 0.6363999843597412 0.730400025844574 0.6958000063896179 0.6930999755859375 0.6837000250816345 
1101000101111010111 0.7360000014305115 0.7021999955177307 0.6812000274658203 0.7095000147819519 0.7038999795913696 
0100001011100110111 0.7188000082969666 0.7178000211715698 0.7111999988555908 0.6809999942779541 0.6764000058174133 0.6938999891281128 0.717199981212616 0.7174999713897705 
0100111111101000001 0.6848999857902527 
1011001001100110011 0.6998999714851379 
0100010011100011111 0.7181000113487244 0.677299976348877 
0100010110100111111 0.7055000066757202 
0011010001011100001 0.7236999869346619 0.6922000050544739 
1100101100111000001 0.6916999816894531 
1011011001011001001 0.6736000180244446 
1011000001100110001 0.7189000248908997 0.7157999873161316 0.7182999849319458 0.7235999703407288 0.7006000280380249 0.7164999842643738 0.7113999724388123 0.710099995136261 0.6862999796867371 0.7189000248908997 0.7107999920845032 0.728600025177002 0.6252999901771545 
1011010110110011110 0.705299973487854 
1001100001011010111 0.7378000020980835 0.7368000149726868 0.6775000095367432 0.7160000205039978 
0110010011101111111 0.6793000102043152 
0111011011111000110 0.7253999710083008 0.7261999845504761 0.6773999929428101 0.7008000016212463 
1110011110110110110 0.7195000052452087 
1011000001100110000 0.6880000233650208 
0111011111011000110 0.6996999979019165 
0010111101011101101 0.6586999893188477 
1010110110110010010 0.6991000175476074 
0011011000011000001 0.6940000057220459 0.7296000123023987 
0011111011111000110 0.7153000235557556 
0100000011100110111 0.6998999714851379 
1101111100111000001 0.7089999914169312 
1001000101111010111 0.6942999958992004 
0111011001111000111 0.6660000085830688 
1110011110110110100 0.6825000047683716 
1100111111001100001 0.6983000040054321 
1011100001010010111 0.7110000252723694 
0011000101100110011 0.6970000267028809 
0100011011100111111 0.7121999859809875 0.7164000272750854 0.699400007724762 0.7089999914169312 0.7203999757766724 0.7069000005722046 0.7207000255584717 0.7041000127792358 0.7034000158309937 0.675599992275238 0.7250000238418579 0.7069000005722046 0.7159000039100647 0.7105000019073486 
1101010101111010111 0.6611999869346619 
0110010011110111111 0.7084000110626221 0.7318999767303467 0.6972000002861023 0.7239000201225281 0.715499997138977 0.7121999859809875 0.7210999727249146 
0110001111100100011 0.7204999923706055 
1100111111101000001 0.6822999715805054 
1011010001100110011 0.6815999746322632 
0111001001011000001 0.691100001335144 
0100001011110110111 0.713699996471405 
0010010110110110110 0.6427000164985657 
1010010110110110010 0.7027000188827515 
0100001011100110101 0.7225000262260437 0.6725000143051147 
0010001001100110001 0.7317000031471252 0.7142999768257141 0.682699978351593 0.6988999843597412 0.7254999876022339 0.695900022983551 
1011100001100110001 0.7245000004768372 0.7190999984741211 
0111111010111000110 0.6772000193595886 
1011000001110110000 0.7135000228881836 
0110001111101100011 0.6992999911308289 
1010000001100110000 0.6969000101089478 
0101011011111000110 0.6604999899864197 
1001100001010010111 0.7032999992370605 
1001101001011010111 0.7125999927520752 
0110110011110011111 0.7093999981880188 
0100011011000111110 0.6312000155448914 
1011000000100111001 0.7202000021934509 0.7329000234603882 0.7433000206947327 0.7355999946594238 0.6847000122070312 0.722100019454956 
1100011111000000001 0.7103000283241272 
0100001001100110101 0.7347999811172485 0.710099995136261 0.729200005531311 0.7132999897003174 0.7214999794960022 0.7185999751091003 0.7091000080108643 0.7242000102996826 0.6858999729156494 0.7087000012397766 
0110011011100111111 0.7123000025749207 
0100001011100110110 0.7146000266075134 0.6692000031471252 
0000011011000111111 0.7215999960899353 0.732699990272522 0.6887999773025513 0.722599983215332 0.6980999708175659 0.6841999888420105 0.7109000086784363 0.7257999777793884 
1110111111001000001 0.70660001039505 
1011100001000110001 0.7347000241279602 
0110010011110101111 0.6502000093460083 
0010001001100110101 0.6758999824523926 
0100111011100111111 0.6901000142097473 
1001100011011010111 0.6863999962806702 
0100001001101110111 0.7415000200271606 0.7064999938011169 0.6568999886512756 0.7020999789237976 
0110001011110011111 0.6722000241279602 
0001011011000111111 0.6844000220298767 
0010001001101110001 0.7095999717712402 
0011000001000110001 0.7287999987602234 0.7210999727249146 0.7279999852180481 
0100001010100110111 0.7347000241279602 0.7275000214576721 0.7146000266075134 0.7178999781608582 
1100001001101110111 0.737500011920929 0.7095000147819519 0.698199987411499 0.703000009059906 0.715399980545044 0.7218000292778015 
0110110011110111111 0.6722999811172485 
0110100011110111111 0.7402999997138977 
0011000001100110101 0.6852999925613403 
1100111111000000101 0.7161999940872192 
0100011011100111110 0.7087000012397766 
0011000000100111001 0.7070000171661377 0.7297999858856201 0.607699990272522 
0110110111110111111 0.685699999332428 
1011000000100101001 0.7250999808311462 0.6825000047683716 
0110101011110111111 0.6794000267982483 
1011000000110111001 0.711899995803833 
0100011010100111111 0.708899974822998 0.7303000092506409 0.7263000011444092 0.6735000014305115 
0100001001100111101 0.7342000007629395 0.7127000093460083 0.6917999982833862 0.7150999903678894 0.7324000000953674 0.7321000099182129 0.713100016117096 0.6980000138282776 0.7141000032424927 0.7142999768257141 0.6486999988555908 0.7300000190734863 0.7064999938011169 
1100001001101110001 0.6941999793052673 
1011000000100110001 0.7322999835014343 0.7325000166893005 0.7117000222206116 0.7281000018119812 0.7250000238418579 0.7193999886512756 0.7129999995231628 0.7225000262260437 0.6830000281333923 0.7414000034332275 0.7301999926567078 0.7235999703407288 0.7098000049591064 0.7311000227928162 0.7419000267982483 0.7301999926567078 0.7261999845504761 0.7350000143051147 0.7123000025749207 0.7073000073432922 0.722100019454956 0.7372999787330627 0.7192000150680542 0.7020999789237976 0.7099000215530396 0.7251999974250793 0.7075999975204468 0.7236999869346619 0.7185999751091003 0.7032999992370605 0.7365999817848206 0.7347999811172485 0.7124999761581421 0.7195000052452087 0.7300000190734863 0.7211999893188477 0.7179999947547913 0.7185999751091003 0.7275999784469604 0.6753000020980835 0.7038999795913696 0.7103000283241272 0.7254999876022339 0.6992999911308289 0.7217000126838684 
0100001001100010101 0.7179999947547913 
0110001010100110111 0.718500018119812 
0100001010100100111 0.733299970626831 0.7026000022888184 
0100001111100110111 0.7285000085830688 0.708299994468689 0.7023000121116638 0.6703000068664551 0.659600019454956 0.7102000117301941 0.6998000144958496 
0110010011110011111 0.7434999942779541 0.6171000003814697 
0100001001100110001 0.7214999794960022 
0111011011100111110 0.7024000287055969 
0100001001100011101 0.6474999785423279 
0010000001000110001 0.7318999767303467 0.6809999942779541 
1011100000100101001 0.6927000284194946 
0010001001110110001 0.7124000191688538 
1100001011100110101 0.7222999930381775 
1111000000100111001 0.6823999881744385 
1111010011110111111 0.6704999804496765 
0100011111100111111 0.718999981880188 
0101001110100100111 0.7111999988555908 
0001000001000110001 0.6969000101089478 
1001000000100110101 0.7111999988555908 
1011000000100110000 0.7163000106811523 
0100001010100111111 0.7369999885559082 0.7383000254631042 0.7254999876022339 0.7279999852180481 0.7037000060081482 0.6988000273704529 0.7261999845504761 0.6671000123023987 0.7236999869346619 
0110010010110011111 0.727400004863739 0.71670001745224 0.7239999771118164 
0100001101100110111 0.6899999976158142 
1110001001101111111 0.7159000039100647 
1110001001101110111 0.6883999705314636 
0010000001000111001 0.7056999802589417 
0110001001100111101 0.7121999859809875 0.7009999752044678 
0100101010100110110 0.7188000082969666 
0101001010100110111 0.7186999917030334 
1011000001010110001 0.6869999766349792 
1011001000100111001 0.7401999831199646 0.6859999895095825 0.6894999742507935 
0100001010100101111 0.7167999744415283 
1011010000100110000 0.7031000256538391 
1011000101100110001 0.7132999897003174 
1011000000101111001 0.6998999714851379 
0100001010100010111 0.7134000062942505 0.7214999794960022 
0100001111100010101 0.729200005531311 
0011000000100110001 0.7145000100135803 0.7056999802589417 
1011001000000111011 0.7139000296592712 
1011001001100110001 0.704200029373169 0.7164999842643738 
1110010010110011110 0.6978999972343445 
0110010010110011110 0.7293000221252441 
0011000001100110001 0.7164999842643738 
0001001011000110111 0.7111999988555908 
1111000000100110001 0.7296000123023987 0.7210999727249146 0.7365000247955322 
1001000001000110001 0.7371000051498413 
0101001010100010111 0.6582000255584717 
0100001001100110111 0.7351999878883362 0.7009000182151794 0.7160000205039978 
0100101111100010101 0.7285000085830688 0.720300018787384 
0100001110100111111 0.7052000164985657 0.7077999711036682 
0110110010110011110 0.7096999883651733 
1011100101100110011 0.6955999732017517 
0011100000100111001 0.7267000079154968 0.7358999848365784 
1011010000100110001 0.7172999978065491 0.7008000016212463 0.7117999792098999 
1000000101000110011 0.7208999991416931 
1011001000100111101 0.7134000062942505 
1101001000101110111 0.7293999791145325 
1011100000100110001 0.6787999868392944 
0000001001100110100 0.6844000220298767 
0100001110100011010 0.6945000290870667 
0100000001100110101 0.7049999833106995 
0111000000100110001 0.724399983882904 0.7103999853134155 0.6873000264167786 0.6930000185966492 
0000011001111100100 0.71670001745224 
1111000000101110001 0.7078999876976013 0.7206000089645386 
0110001001101110111 0.7275999784469604 0.6802999973297119 0.680400013923645 
1100001000101110111 0.7110999822616577 
0100101011100010101 0.6819000244140625 
0100101111100011101 0.7166000008583069 
1111000000000110001 0.6962000131607056 
1011001010100111001 0.732200026512146 0.7253000140190125 0.7336999773979187 0.6956999897956848 0.6816999912261963 0.7263000011444092 0.6783999800682068 0.7186999917030334 0.7200000286102295 
0100101101000010101 0.7096999883651733 
1001001000100111001 0.7106000185012817 
0111000000101110001 0.6955000162124634 
1011000000100010001 0.7095999717712402 0.6797000169754028 
0100101111000000111 0.7325000166893005 
1100001001100110111 0.7222999930381775 0.6987000107765198 0.7289999723434448 
1111000100100110000 0.7085999846458435 
0011101000100111001 0.7107999920845032 
0001000000100111001 0.6960999965667725 
1101001000100111001 0.7322999835014343 
0100101111100000111 0.7394999861717224 0.7232000231742859 0.710099995136261 
1011001010110110001 0.7208999991416931 
1100001001001110110 0.7232999801635742 
1011010010000110001 0.7002999782562256 
0101001000100110101 0.7294999957084656 0.7260000109672546 0.704800009727478 0.7049999833106995 0.7074999809265137 0.7024999856948853 0.707099974155426 
0111000000100110111 0.7261999845504761 
0011100000110111001 0.7364000082015991 0.7247999906539917 0.7336000204086304 0.7121000289916992 0.7121999859809875 0.7251999974250793 0.7343000173568726 0.715399980545044 0.6937999725341797 0.7103000283241272 0.7401000261306763 0.6991000175476074 0.7107999920845032 0.7249000072479248 0.7186999917030334 0.7184000015258789 
0101001001100111101 0.6904000043869019 
0011100010100111001 0.6557000279426575 
0101011001100111101 0.7107999920845032 
1010000001100110001 0.7253999710083008 0.6718999743461609 
0110000000100110111 0.7168999910354614 
0100101110000000101 0.6851999759674072 
1111001000100111001 0.7093999981880188 
0000001001100110111 0.7077000141143799 
1010001000100100001 0.7319999933242798 
1111001001001110110 0.7059000134468079 
1011000000100100001 0.7056999802589417 
0011100000111111001 0.7336000204086304 
0100101011100000111 0.682200014591217 
0101001000100111001 0.7124000191688538 
0000001101111000111 0.6915000081062317 
1010001001100110001 0.7208999991416931 0.6833000183105469 0.7005000114440918 
0000001001100101101 0.7146999835968018 
1010001010100100001 0.7232000231742859 
0011101000101111001 0.6820999979972839 
0100010101100110101 0.7287999987602234 
1011000000110110001 0.7347000241279602 0.7160999774932861 0.7153000235557556 0.7008000016212463 0.730400025844574 0.6902999877929688 0.7142000198364258 0.7067999839782715 0.7129999995231628 0.7261999845504761 0.71670001745224 
0100001101000000110 0.7057999968528748 
1100001001100111101 0.7228999733924866 
0111100000111111001 0.7208999991416931 0.7293999791145325 0.7056999802589417 0.7167999744415283 0.7157999873161316 0.7339000105857849 0.6800000071525574 0.6851000189781189 0.7218999862670898 0.7221999764442444 0.7286999821662903 
0100010100101110101 0.7045999765396118 
0011110100111111001 0.7093999981880188 
1101001000100111111 0.7286999821662903 0.695900022983551 
0101000000100110101 0.6306999921798706 0.7328000068664551 
0100101111101000111 0.699400007724762 
0111000000101110011 0.7182999849319458 
1010001010100101001 0.7127000093460083 
0011100010100101011 0.7307000160217285 
1100001000100111101 0.7089999914169312 
0100001001100111111 0.7286999821662903 0.7024000287055969 
1000001001100111111 0.7156999707221985 
0011000000111111001 0.6568999886512756 
0101101000100110101 0.7002999782562256 
1111001000101111111 0.6312000155448914 
1101001000100101001 0.6983000040054321 
0101001000100110100 0.7045000195503235 
1011011000100111000 0.7081999778747559 
0110001001100110111 0.7264000177383423 0.6937999725341797 0.7246999740600586 0.708299994468689 0.7031999826431274 
1011000100100110001 0.713100016117096 0.6901999711990356 
0101001001100110101 0.6941999793052673 
0011100010100101110 0.703000009059906 
1011000010110110001 0.7084000110626221 
1110001001100110001 0.7211999893188477 
0011100010010111001 0.7192000150680542 0.6815999746322632 
0101001000100110111 0.7240999937057495 0.7210000157356262 0.722000002861023 0.7258999943733215 0.7019000053405762 
0100001000100110111 0.7210000157356262 0.7303000092506409 0.7124999761581421 0.7203999757766724 
0011100010110111001 0.7289000153541565 
0010100000110111101 0.7059999704360962 
0110001001110111111 0.7239000201225281 0.7045000195503235 0.7024000287055969 
1111000000100100001 0.6966999769210815 
0011100010100101001 0.7073000073432922 
1101001000100111101 0.7200000286102295 
0001001000100110101 0.6869000196456909 
1011000000100110011 0.7026000022888184 
0100001001000111101 0.727400004863739 0.7193999886512756 0.7077000141143799 
0110000001100110111 0.6884999871253967 
0111110010110110001 0.7125999927520752 0.7139999866485596 
0011100001110110001 0.7053999900817871 
1011001010100110001 0.7168999910354614 
1011100010100101011 0.6926000118255615 
1011010100101110001 0.7160999774932861 
0101001100100110111 0.7225000262260437 
0110000001111111111 0.7113999724388123 
0011100000110011001 0.7189000248908997 
1011000000101110001 0.73089998960495 0.6654000282287598 0.7078999876976013 
0100101001000111101 0.7106000185012817 
1010000010100110001 0.6909999847412109 
0111110111110110001 0.7027000188827515 
0011100000110111011 0.71670001745224 
0110001100100010111 0.718500018119812 
0011100010110111101 0.7038999795913696 
0100001000100010111 0.6942999958992004 
1011000000110110101 0.7135999798774719 
0110001000110111111 0.7200999855995178 0.7329999804496765 0.6956999897956848 
0101001001101110111 0.6995999813079834 
0111100000110111001 0.7372000217437744 
1111000000110110001 0.6898999810218811 
1001000000100110001 0.7203999757766724 0.7184000015258789 
1111100000110101001 0.6636999845504761 
0100001001110111111 0.7074000239372253 
1011000010100110001 0.7387999892234802 0.7172999978065491 
1011100000110110001 0.7296000123023987 0.7469000220298767 
1011001000100110001 0.7294999957084656 
0111000000100100011 0.724399983882904 
1011000010100110000 0.7031999826431274 
0111000000100100010 0.7296000123023987 
1011000100110110001 0.7213000059127808 
0011100000010111001 0.6920999884605408 
1011000110110110001 0.7026000022888184 
0001100000111111001 0.7117000222206116 
1011001000111110000 0.7095999717712402 
0110001001100010111 0.7148000001907349 
