1011101010101011111 0.6694999933242798 0.7117000222206116 
0011001101000100111 0.6625999808311462 
0110011000001100111 0.7157999873161316 
0001011111111000110 0.7135000228881836 0.694599986076355 0.6682000160217285 0.6949999928474426 0.6798999905586243 0.6780999898910522 
0100010011100111111 0.6931999921798706 0.7182999849319458 0.7228999733924866 0.7077999711036682 0.7347999811172485 0.7156999707221985 0.7190999984741211 
1010000001100110011 0.7178000211715698 0.6744999885559082 
1010011010010011110 0.6991000175476074 0.6960999965667725 
0011000111101010100 0.6527000069618225 
1100111100111000000 0.6898000240325928 0.7293999791145325 
0000110110100001010 0.6953999996185303 0.6891000270843506 
1101000001011010111 0.7239000201225281 0.7369999885559082 0.6947000026702881 0.7037000060081482 0.6699000000953674 0.708899974822998 0.7091000080108643 0.7073000073432922 0.7192000150680542 
0111111001111111111 0.7116000056266785 
1010010110100111110 0.7300000190734863 
1101101100111011100 0.7174999713897705 0.7073000073432922 0.7081000208854675 0.7164999842643738 
1111010001001001000 0.6297000050544739 
0010110000010101110 0.6883000135421753 0.7116000056266785 0.7019000053405762 0.725600004196167 
1011011101011100001 0.7038000226020813 
1111000110101101010 0.6863999962806702 
0000110100001100101 0.7134000062942505 0.6735000014305115 
1110111100000001100 0.7053999900817871 
1111000111101111010 0.6933000087738037 
1110111100000001101 0.7258999943733215 0.6851999759674072 
1101101110001011100 0.6826000213623047 
0111111001110111111 0.7199000120162964 
1111010001000001000 0.678600013256073 0.6895999908447266 
1100111100111000001 0.6977999806404114 0.7005000114440918 0.7077999711036682 0.7156000137329102 0.7319999933242798 
0011011101011100001 0.7096999883651733 0.7128000259399414 0.7105000019073486 
0111011000001100111 0.7303000092506409 
1011011010010011110 0.7307999730110168 
0111000111101011100 0.6963000297546387 
1010010110110111110 0.7311999797821045 0.6549999713897705 0.6643000245094299 
0010101101000100101 0.697700023651123 0.7103000283241272 
1100110100111000001 0.7006999850273132 0.6862000226974487 
1010001001100110011 0.680400013923645 
0100111100111000000 0.680899977684021 
1111010001000001001 0.7135000228881836 
0011011011111000110 0.7085000276565552 0.7143999934196472 0.7172999978065491 0.6881999969482422 
0011010000001100111 0.6985999941825867 
1011011010010001110 0.7095999717712402 
1011101010101111111 0.6604999899864197 
0111111010110111111 0.682200014591217 
0010101100000100101 0.6804999709129333 
1110111100111000000 0.6787999868392944 
0010101101010000101 0.6747000217437744 
1011000001100110011 0.7193999886512756 0.7239000201225281 0.727400004863739 0.7107999920845032 
0110010011001111111 0.6274999976158142 
0011011001011000001 0.7214000225067139 0.7134000062942505 
1010010110110110110 0.720300018787384 0.722599983215332 0.7226999998092651 
1111010001000001010 0.7074000239372253 
1001000001011010110 0.6905999779701233 
0100010011100111110 0.6895999908447266 
0011010101011101001 0.6858000159263611 
1010011001011000001 0.7235000133514404 
0011011101011000001 0.6851000189781189 
1100110000111001001 0.6865000128746033 
0011101100000100101 0.6886000037193298 
0110010011100111111 0.7059999704360962 
0011110000011101110 0.7121999859809875 0.6653000116348267 
1101101100111001100 0.7114999890327454 
0100000011100111111 0.6837999820709229 
0100010011110111111 0.694599986076355 
0100011011100110111 0.7135000228881836 
1010011101011000001 0.7002000212669373 
1111011011111000110 0.6940000057220459 
1010010001000001000 0.6492999792098999 
1010010110110111010 0.6912000179290771 
1100111111001000001 0.7181000113487244 
